Time: 2024-10-25 20:51:47.694
Linux 6.1.0-26-cloud-amd64 (tgriggs-testing-db-wm.us-central1-c.c.skypilot-375900.internal) 	10/25/24 	_x86_64_	(32 CPU)

20:51:47     CPU    %usr   %nice    %sys %iowait    %irq   %soft  %steal  %guest  %gnice   %idle
20:51:48     all    0.06    0.00    0.03    0.00    0.00    0.00    0.00    0.00    0.00   99.91
20:51:48       0    0.00    0.00    0.00    0.00    0.00    0.00    0.00    0.00    0.00  100.00
20:51:48       1    0.00    0.00    0.00    0.00    0.00    0.00    0.00    0.00    0.00  100.00
20:51:48       2    0.00    0.00    0.00    0.00    0.00    0.00    0.00    0.00    0.00  100.00
20:51:48       3    0.00    0.00    0.00    0.00    0.00    0.00    0.00    0.00    0.00  100.00
20:51:48       4    0.00    0.00    0.00    0.00    0.00    0.00    0.00    0.00    0.00  100.00
20:51:48       5    0.00    0.00    0.00    0.00    0.00    0.00    0.00    0.00    0.00  100.00
20:51:48       6    0.00    0.00    0.00    0.00    0.00    0.00    0.00    0.00    0.00  100.00
20:51:48       7    0.00    0.00    0.00    0.00    0.00    0.00    0.00    0.00    0.00  100.00
20:51:48       8    0.00    0.00    0.00    0.00    0.00    0.00    0.00    0.00    0.00  100.00
20:51:48       9    0.00    0.00    0.00    0.00    0.00    0.00    0.00    0.00    0.00  100.00
20:51:48      10    0.00    0.00    0.99    0.00    0.00    0.00    0.00    0.00    0.00   99.01
20:51:48      11    0.00    0.00    0.00    0.00    0.00    0.00    0.00    0.00    0.00  100.00
20:51:48      12    0.00    0.00    0.00    0.00    0.00    0.00    0.00    0.00    0.00  100.00
20:51:48      13    0.00    0.00    0.00    0.00    0.00    0.00    0.00    0.00    0.00  100.00
20:51:48      14    0.00    0.00    0.00    0.00    0.00    0.00    0.00    0.00    0.00  100.00
20:51:48      15    0.00    0.00    0.00    0.00    0.00    0.00    0.00    0.00    0.00  100.00
20:51:48      16    0.00    0.00    0.00    0.00    0.00    0.00    0.00    0.00    0.00  100.00
20:51:48      17    0.00    0.00    0.00    0.00    0.00    0.00    0.00    0.00    0.00  100.00
20:51:48      18    0.00    0.00    0.00    0.00    0.00    0.00    0.00    0.00    0.00  100.00
20:51:48      19    2.00    0.00    0.00    0.00    0.00    0.00    0.00    0.00    0.00   98.00
20:51:48      20    0.00    0.00    0.00    0.00    0.00    0.00    0.00    0.00    0.00  100.00
20:51:48      21    0.00    0.00    0.00    0.00    0.00    0.00    0.00    0.00    0.00  100.00
20:51:48      22    0.00    0.00    0.00    0.00    0.00    0.00    0.00    0.00    0.00  100.00
20:51:48      23    0.00    0.00    0.00    0.00    0.00    0.00    0.00    0.00    0.00  100.00
20:51:48      24    0.00    0.00    0.00    0.00    0.00    0.00    0.00    0.00    0.00  100.00
20:51:48      25    0.00    0.00    0.00    0.00    0.00    0.00    0.00    0.00    0.00  100.00
20:51:48      26    0.00    0.00    0.00    0.00    0.00    0.00    0.00    0.00    0.00  100.00
20:51:48      27    0.00    0.00    0.00    0.00    0.00    0.00    0.00    0.00    0.00  100.00
20:51:48      28    0.00    0.00    0.00    0.00    0.00    0.00    0.00    0.00    0.00  100.00
20:51:48      29    0.00    0.00    0.00    0.00    0.00    0.00    0.00    0.00    0.00  100.00
20:51:48      30    0.00    0.00    0.00    0.00    0.00    0.00    0.00    0.00    0.00  100.00
20:51:48      31    0.00    0.00    0.00    0.00    0.00    0.00    0.00    0.00    0.00  100.00

20:51:48     CPU    %usr   %nice    %sys %iowait    %irq   %soft  %steal  %guest  %gnice   %idle
20:51:49     all    0.03    0.00    0.00    0.00    0.00    0.00    0.00    0.00    0.00   99.97
20:51:49       0    0.00    0.00    0.00    0.00    0.00    0.00    0.00    0.00    0.00  100.00
20:51:49       1    0.00    0.00    0.00    0.00    0.00    0.00    0.00    0.00    0.00  100.00
20:51:49       2    0.00    0.00    0.00    0.00    0.00    0.00    0.00    0.00    0.00  100.00
20:51:49       3    0.00    0.00    0.00    0.00    0.00    0.00    0.00    0.00    0.00  100.00
20:51:49       4    0.00    0.00    0.00    0.00    0.00    0.00    0.00    0.00    0.00  100.00
20:51:49       5    0.00    0.00    0.00    0.00    0.00    0.00    0.00    0.00    0.00  100.00
20:51:49       6    0.00    0.00    0.00    0.00    0.00    0.00    0.00    0.00    0.00  100.00
20:51:49       7    0.00    0.00    0.00    0.00    0.00    0.00    0.00    0.00    0.00  100.00
20:51:49       8    0.00    0.00    0.00    0.00    0.00    0.00    0.00    0.00    0.00  100.00
20:51:49       9    0.00    0.00    0.00    0.00    0.00    0.00    0.00    0.00    0.00  100.00
20:51:49      10    0.00    0.00    0.00    0.00    0.00    0.00    0.00    0.00    0.00  100.00
20:51:49      11    0.00    0.00    0.00    0.00    0.00    0.00    0.00    0.00    0.00  100.00
20:51:49      12    0.00    0.00    0.00    0.00    0.00    0.00    0.00    0.00    0.00  100.00
20:51:49      13    0.00    0.00    0.00    0.00    0.00    0.00    0.00    0.00    0.00  100.00
20:51:49      14    0.00    0.00    0.00    0.00    0.00    0.00    0.00    0.00    0.00  100.00
20:51:49      15    0.00    0.00    0.00    0.00    0.00    0.00    0.00    0.00    0.00  100.00
20:51:49      16    0.00    0.00    0.00    0.00    0.00    0.00    0.00    0.00    0.00  100.00
20:51:49      17    0.00    0.00    0.00    0.00    0.00    0.00    0.00    0.00    0.00  100.00
20:51:49      18    0.00    0.00    0.00    0.00    0.00    0.00    0.00    0.00    0.00  100.00
20:51:49      19    1.01    0.00    0.00    0.00    0.00    0.00    0.00    0.00    0.00   98.99
20:51:49      20    0.00    0.00    0.00    0.00    0.00    0.00    0.00    0.00    0.00  100.00
20:51:49      21    0.00    0.00    0.00    0.00    0.00    0.00    0.00    0.00    0.00  100.00
20:51:49      22    0.00    0.00    0.00    0.00    0.00    0.00    0.00    0.00    0.00  100.00
20:51:49      23    0.00    0.00    0.00    0.00    0.00    0.00    0.00    0.00    0.00  100.00
20:51:49      24    0.00    0.00    0.00    0.00    0.00    0.00    0.00    0.00    0.00  100.00
20:51:49      25    0.00    0.00    0.00    0.00    0.00    0.00    0.00    0.00    0.00  100.00
20:51:49      26    0.00    0.00    0.00    0.00    0.00    0.00    0.00    0.00    0.00  100.00
20:51:49      27    0.00    0.00    0.00    0.00    0.00    0.00    0.00    0.00    0.00  100.00
20:51:49      28    0.00    0.00    0.00    0.00    0.00    0.00    0.00    0.00    0.00  100.00
20:51:49      29    0.00    0.00    0.00    0.00    0.00    0.00    0.00    0.00    0.00  100.00
20:51:49      30    0.00    0.00    0.00    0.00    0.00    0.00    0.00    0.00    0.00  100.00
20:51:49      31    0.00    0.00    0.00    0.00    0.00    0.00    0.00    0.00    0.00  100.00

20:51:49     CPU    %usr   %nice    %sys %iowait    %irq   %soft  %steal  %guest  %gnice   %idle
20:51:50     all    0.03    0.00    0.00    0.03    0.00    0.00    0.00    0.00    0.00   99.94
20:51:50       0    0.00    0.00    0.00    0.00    0.00    0.00    0.00    0.00    0.00  100.00
20:51:50       1    0.00    0.00    0.00    0.00    0.00    0.00    0.00    0.00    0.00  100.00
20:51:50       2    0.00    0.00    0.00    0.00    0.00    0.00    0.00    0.00    0.00  100.00
20:51:50       3    0.00    0.00    0.00    0.00    0.00    0.00    0.00    0.00    0.00  100.00
20:51:50       4    0.00    0.00    0.00    0.00    0.00    0.00    0.00    0.00    0.00  100.00
20:51:50       5    0.00    0.00    0.00    0.00    0.00    0.00    0.00    0.00    0.00  100.00
20:51:50       6    0.00    0.00    0.00    0.00    0.00    0.00    0.00    0.00    0.00  100.00
20:51:50       7    0.00    0.00    0.00    0.00    0.00    0.00    0.00    0.00    0.00  100.00
20:51:50       8    0.00    0.00    0.00    0.00    0.00    0.00    0.00    0.00    0.00  100.00
20:51:50       9    0.00    0.00    0.00    0.00    0.00    0.00    0.00    0.00    0.00  100.00
20:51:50      10    0.00    0.00    0.00    0.00    0.00    0.00    0.00    0.00    0.00  100.00
20:51:50      11    0.00    0.00    0.00    0.00    0.00    0.00    0.00    0.00    0.00  100.00
20:51:50      12    0.00    0.00    0.00    0.00    0.00    0.00    0.00    0.00    0.00  100.00
20:51:50      13    0.00    0.00    0.00    0.00    0.00    0.00    0.00    0.00    0.00  100.00
20:51:50      14    0.00    0.00    0.00    0.00    0.00    0.00    0.00    0.00    0.00  100.00
20:51:50      15    0.00    0.00    0.00    0.00    0.00    0.00    0.00    0.00    0.00  100.00
20:51:50      16    0.00    0.00    0.00    0.00    0.00    0.00    0.00    0.00    0.00  100.00
20:51:50      17    0.00    0.00    0.00    0.00    0.00    0.00    0.00    0.00    0.00  100.00
20:51:50      18    0.00    0.00    0.00    0.00    0.00    0.00    0.00    0.00    0.00  100.00
20:51:50      19    1.00    0.00    0.00    0.00    0.00    0.00    0.00    0.00    0.00   99.00
20:51:50      20    0.00    0.00    0.00    0.00    0.00    0.00    0.00    0.00    0.00  100.00
20:51:50      21    0.00    0.00    0.00    0.00    0.00    0.00    0.00    0.00    0.00  100.00
20:51:50      22    0.00    0.00    0.00    0.99    0.00    0.00    0.00    0.00    0.00   99.01
20:51:50      23    0.00    0.00    0.00    0.00    0.00    0.00    0.00    0.00    0.00  100.00
20:51:50      24    0.00    0.00    0.00    0.00    0.00    0.00    0.00    0.00    0.00  100.00
20:51:50      25    0.00    0.00    0.00    0.00    0.00    0.00    0.00    0.00    0.00  100.00
20:51:50      26    0.00    0.00    0.00    0.00    0.00    0.00    0.00    0.00    0.00  100.00
20:51:50      27    0.00    0.00    0.00    0.00    0.00    0.00    0.00    0.00    0.00  100.00
20:51:50      28    0.00    0.00    0.00    0.00    0.00    0.00    0.00    0.00    0.00  100.00
20:51:50      29    0.00    0.00    0.00    0.00    0.00    0.00    0.00    0.00    0.00  100.00
20:51:50      30    0.00    0.00    0.00    0.00    0.00    0.00    0.00    0.00    0.00  100.00
20:51:50      31    0.00    0.00    0.00    0.00    0.00    0.00    0.00    0.00    0.00  100.00

20:51:50     CPU    %usr   %nice    %sys %iowait    %irq   %soft  %steal  %guest  %gnice   %idle
20:51:51     all    0.00    0.00    0.00    0.00    0.00    0.00    0.00    0.00    0.00  100.00
20:51:51       0    0.00    0.00    0.00    0.00    0.00    0.00    0.00    0.00    0.00  100.00
20:51:51       1    0.00    0.00    0.00    0.00    0.00    0.00    0.00    0.00    0.00  100.00
20:51:51       2    0.00    0.00    0.00    0.00    0.00    0.00    0.00    0.00    0.00  100.00
20:51:51       3    0.00    0.00    0.00    0.00    0.00    0.00    0.00    0.00    0.00  100.00
20:51:51       4    0.00    0.00    0.00    0.00    0.00    0.00    0.00    0.00    0.00  100.00
20:51:51       5    0.00    0.00    0.00    0.00    0.00    0.00    0.00    0.00    0.00  100.00
20:51:51       6    0.00    0.00    0.00    0.00    0.00    0.00    0.00    0.00    0.00  100.00
20:51:51       7    0.00    0.00    0.00    0.00    0.00    0.00    0.00    0.00    0.00  100.00
20:51:51       8    0.00    0.00    0.00    0.00    0.00    0.00    0.00    0.00    0.00  100.00
20:51:51       9    0.00    0.00    0.00    0.00    0.00    0.00    0.00    0.00    0.00  100.00
20:51:51      10    0.00    0.00    0.00    0.00    0.00    0.00    0.00    0.00    0.00  100.00
20:51:51      11    0.00    0.00    0.00    0.00    0.00    0.00    0.00    0.00    0.00  100.00
20:51:51      12    0.00    0.00    0.00    0.00    0.00    0.00    0.00    0.00    0.00  100.00
20:51:51      13    0.00    0.00    0.00    0.00    0.00    0.00    0.00    0.00    0.00  100.00
20:51:51      14    0.00    0.00    0.00    0.00    0.00    0.00    0.00    0.00    0.00  100.00
20:51:51      15    0.00    0.00    0.00    0.00    0.00    0.00    0.00    0.00    0.00  100.00
20:51:51      16    0.00    0.00    0.00    0.00    0.00    0.00    0.00    0.00    0.00  100.00
20:51:51      17    0.00    0.00    0.00    0.00    0.00    0.00    0.00    0.00    0.00  100.00
20:51:51      18    0.00    0.00    0.00    0.00    0.00    0.00    0.00    0.00    0.00  100.00
20:51:51      19    0.00    0.00    0.00    0.00    0.00    0.00    0.00    0.00    0.00  100.00
20:51:51      20    0.00    0.00    0.00    0.00    0.00    0.00    0.00    0.00    0.00  100.00
20:51:51      21    0.00    0.00    0.00    0.00    0.00    0.00    0.00    0.00    0.00  100.00
20:51:51      22    0.00    0.00    0.00    0.00    0.00    0.00    0.00    0.00    0.00  100.00
20:51:51      23    0.00    0.00    0.00    0.00    0.00    0.00    0.00    0.00    0.00  100.00
20:51:51      24    0.00    0.00    0.00    0.00    0.00    0.00    0.00    0.00    0.00  100.00
20:51:51      25    0.00    0.00    0.00    0.00    0.00    0.00    0.00    0.00    0.00  100.00
20:51:51      26    0.00    0.00    0.00    0.00    0.00    0.00    0.00    0.00    0.00  100.00
20:51:51      27    0.00    0.00    0.00    0.00    0.00    0.00    0.00    0.00    0.00  100.00
20:51:51      28    0.00    0.00    0.00    0.00    0.00    0.00    0.00    0.00    0.00  100.00
20:51:51      29    0.00    0.00    0.00    0.00    0.00    0.00    0.00    0.00    0.00  100.00
20:51:51      30    0.00    0.00    0.00    0.00    0.00    0.00    0.00    0.00    0.00  100.00
20:51:51      31    0.00    0.00    0.00    0.00    0.00    0.00    0.00    0.00    0.00  100.00

20:51:51     CPU    %usr   %nice    %sys %iowait    %irq   %soft  %steal  %guest  %gnice   %idle
20:51:52     all    0.06    0.00    0.03    0.00    0.00    0.00    0.00    0.00    0.00   99.91
20:51:52       0    0.00    0.00    0.00    0.00    0.00    0.00    0.00    0.00    0.00  100.00
20:51:52       1    0.00    0.00    0.00    0.00    0.00    0.00    0.00    0.00    0.00  100.00
20:51:52       2    0.00    0.00    0.00    0.00    0.00    0.00    0.00    0.00    0.00  100.00
20:51:52       3    0.00    0.00    0.00    0.00    0.00    0.00    0.00    0.00    0.00  100.00
20:51:52       4    0.00    0.00    0.00    0.00    0.00    0.00    0.00    0.00    0.00  100.00
20:51:52       5    0.00    0.00    0.00    0.00    0.00    0.00    0.00    0.00    0.00  100.00
20:51:52       6    0.00    0.00    0.00    0.00    0.00    0.00    0.00    0.00    0.00  100.00
20:51:52       7    0.00    0.00    0.00    0.00    0.00    0.00    0.00    0.00    0.00  100.00
20:51:52       8    0.00    0.00    0.00    0.00    0.00    0.00    0.00    0.00    0.00  100.00
20:51:52       9    0.00    0.00    0.00    0.00    0.00    0.00    0.00    0.00    0.00  100.00
20:51:52      10    0.00    0.00    0.00    0.00    0.00    0.00    0.00    0.00    0.00  100.00
20:51:52      11    0.00    0.00    0.00    0.00    0.00    0.00    0.00    0.00    0.00  100.00
20:51:52      12    0.00    0.00    0.00    0.00    0.00    0.00    0.00    0.00    0.00  100.00
20:51:52      13    0.00    0.00    0.00    0.00    0.00    0.00    0.00    0.00    0.00  100.00
20:51:52      14    0.00    0.00    0.00    0.00    0.00    0.00    0.00    0.00    0.00  100.00
20:51:52      15    0.00    0.00    0.00    0.00    0.00    0.00    0.00    0.00    0.00  100.00
20:51:52      16    0.00    0.00    0.00    0.00    0.00    0.00    0.00    0.00    0.00  100.00
20:51:52      17    0.99    0.00    0.00    0.00    0.00    0.00    0.00    0.00    0.00   99.01
20:51:52      18    0.00    0.00    0.00    0.00    0.00    0.00    0.00    0.00    0.00  100.00
20:51:52      19    1.00    0.00    0.00    0.00    0.00    0.00    0.00    0.00    0.00   99.00
20:51:52      20    0.00    0.00    0.00    0.00    0.00    0.00    0.00    0.00    0.00  100.00
20:51:52      21    0.00    0.00    0.99    0.00    0.00    0.00    0.00    0.00    0.00   99.01
20:51:52      22    0.00    0.00    0.00    0.00    0.00    0.00    0.00    0.00    0.00  100.00
20:51:52      23    0.00    0.00    0.00    0.00    0.00    0.00    0.00    0.00    0.00  100.00
20:51:52      24    0.00    0.00    0.00    0.00    0.00    0.00    0.00    0.00    0.00  100.00
20:51:52      25    0.00    0.00    0.00    0.00    0.00    0.00    0.00    0.00    0.00  100.00
20:51:52      26    0.00    0.00    0.00    0.00    0.00    0.00    0.00    0.00    0.00  100.00
20:51:52      27    0.00    0.00    0.00    0.00    0.00    0.00    0.00    0.00    0.00  100.00
20:51:52      28    0.00    0.00    0.00    0.00    0.00    0.00    0.00    0.00    0.00  100.00
20:51:52      29    0.00    0.00    0.00    0.00    0.00    0.00    0.00    0.00    0.00  100.00
20:51:52      30    0.00    0.00    0.00    0.00    0.00    0.00    0.00    0.00    0.00  100.00
20:51:52      31    0.00    0.00    0.00    0.00    0.00    0.00    0.00    0.00    0.00  100.00
